$ANSIBLE_VAULT;1.1;AES256
38643533316132656239336235616665643632623435303934303537373562326235333734376137
6561333437326562383362306166343837656336643262370a343766373839386436396663323665
63323635366466316138653532326439326439383134323861316234303333343139383039343234
3739623563663365620a373732393965363261366332636265666237643164343861393539633961
62326637613632626133386638653239656435666362653165306539316163376362353337373536
32303436633630643231646465363664313865363364333261646265336663663765616532313366
34343736313065653761343238373831613334323338336462373565386139646430366537323035
62333064623661343134396531393332373232343037316137323364343933656136333636656239
62303337646537633065333739333966306434303539653137646362616238303466356134343631
32346666316238353134633531353630376365356430656633303537613461376261636335343237
39396361333637393266333764633361313434316665333761623934363634326335623363623135
37313764376266393430633036393534383766623933336133313963396165396630653761323133
6465
